[[2.82000e+04 3.38160e+04 1.72984e+05]
 [5.51290e+04 1.30060e+05 4.98110e+04]
 [4.28500e+04 1.08894e+05 8.32560e+04]
 [7.66090e+04 6.08040e+04 9.75870e+04]
 [7.22040e+04 1.28098e+05 3.46980e+04]
 [3.66670e+04 9.91560e+04 9.91770e+04]
 [1.17987e+05 6.34020e+04 5.36110e+04]
 [4.91000e+03 3.51230e+04 1.94967e+05]
 [8.04110e+04 1.14665e+05 3.99240e+04]
 [1.64970e+04 1.23514e+05 9.49890e+04]
 [3.17580e+04 1.94645e+05 8.59700e+03]
 [7.24840e+04 1.62340e+05 1.76000e+02]
 [6.43490e+04 5.40410e+04 1.16610e+05]
 [2.12702e+05 1.71000e+02 2.21270e+04]
 [1.14684e+05 9.10820e+04 2.92340e+04]
 [4.26950e+04 7.30410e+04 1.19264e+05]
 [1.24018e+05 8.94640e+04 2.15180e+04]
 [2.37160e+04 1.95706e+05 1.55780e+04]
 [8.72160e+04 1.23203e+05 2.45810e+04]
 [2.79580e+04 7.55090e+04 1.31533e+05]
 [9.71010e+04 7.87580e+04 5.91410e+04]
 [6.58000e+04 8.60350e+04 8.31650e+04]
 [1.98086e+05 1.92050e+04 1.77090e+04]
 [9.35270e+04 5.81340e+04 8.33390e+04]
 [5.45700e+03 3.39960e+04 1.95547e+05]
 [5.54300e+03 1.79156e+05 5.03010e+04]
 [1.90260e+04 1.04236e+05 1.11738e+05]
 [8.88830e+04 1.16250e+04 1.34492e+05]
 [1.55701e+05 1.15230e+04 6.77760e+04]
 [5.38600e+03 9.08340e+04 1.38780e+05]
 [5.61740e+04 5.55400e+04 1.23286e+05]
 [1.22816e+05 6.40830e+04 4.81010e+04]
 [1.28226e+05 1.47530e+04 9.20210e+04]
 [6.06850e+04 1.03786e+05 7.05290e+04]
 [1.79248e+05 8.55000e+02 5.48970e+04]
 [1.76180e+04 1.58626e+05 5.87560e+04]
 [1.05333e+05 3.77870e+04 9.18800e+04]
 [5.14970e+04 4.18030e+04 1.41700e+05]
 [1.12025e+05 1.26330e+04 1.10342e+05]
 [1.94900e+03 3.03110e+04 2.02740e+05]
 [1.35810e+05 3.02560e+04 6.89340e+04]
 [1.78178e+05 2.20000e+02 5.66020e+04]
 [6.59700e+03 1.82358e+05 4.60450e+04]
 [1.82160e+04 3.21820e+04 1.84602e+05]
 [1.06613e+05 6.54800e+03 1.21839e+05]
 [8.88130e+04 1.38208e+05 7.97900e+03]
 [5.31980e+04 1.00692e+05 8.11100e+04]
 [5.09460e+04 1.82188e+05 1.86600e+03]
 [1.25842e+05 4.43360e+04 6.48220e+04]
 [4.21520e+04 1.09684e+05 8.31640e+04]
 [5.94180e+04 1.51498e+05 2.40840e+04]
 [1.49637e+05 5.50620e+04 3.03010e+04]
 [1.18490e+04 1.72589e+05 5.05620e+04]
 [1.14601e+05 1.01865e+05 1.85340e+04]
 [1.89500e+05 2.10900e+04 2.44100e+04]
 [2.11040e+04 5.65300e+04 1.57366e+05]
 [1.74925e+05 2.76070e+04 3.24680e+04]
 [1.07367e+05 3.34280e+04 9.42050e+04]
 [6.05850e+04 6.73640e+04 1.07051e+05]
 [8.17980e+04 7.53290e+04 7.78730e+04]
 [3.91860e+04 8.32980e+04 1.12516e+05]
 [1.38885e+05 2.69970e+04 6.91180e+04]
 [9.25000e+04 1.23107e+05 1.93930e+04]
 [1.10529e+05 1.11208e+05 1.32630e+04]
 [1.82363e+05 1.53620e+04 3.72750e+04]
 [1.67825e+05 2.54590e+04 4.17160e+04]
 [4.96030e+04 1.12194e+05 7.32030e+04]
 [6.15960e+04 1.73970e+04 1.56007e+05]
 [2.93820e+04 1.35978e+05 6.96400e+04]
 [3.46690e+04 1.63091e+05 3.72400e+04]
 [3.99370e+04 1.04076e+05 9.09870e+04]
 [1.47820e+04 2.01482e+05 1.87360e+04]
 [4.11760e+04 3.07360e+04 1.63088e+05]
 [4.92240e+04 4.26180e+04 1.43158e+05]
 [2.02270e+04 1.38551e+05 7.62220e+04]
 [1.41372e+05 8.03320e+04 1.32960e+04]
 [3.89410e+04 1.25694e+05 7.03650e+04]
 [7.19200e+04 1.02390e+05 6.06900e+04]
 [3.04000e+04 4.57200e+04 1.58880e+05]
 [2.66470e+04 3.69160e+04 1.71437e+05]
 [4.46150e+04 1.71422e+05 1.89630e+04]
 [1.89352e+05 2.95110e+04 1.61370e+04]
 [3.14300e+04 5.67600e+04 1.46810e+05]
 [3.80970e+04 1.94149e+05 2.75400e+03]
 [8.71760e+04 5.23470e+04 9.54770e+04]
 [1.97763e+05 1.78200e+03 3.54550e+04]
 [8.66300e+03 2.02203e+05 2.41340e+04]
 [1.37885e+05 2.05730e+04 7.65420e+04]
 [6.38090e+04 1.53451e+05 1.77400e+04]
 [1.87482e+05 1.57420e+04 3.17760e+04]
 [1.96789e+05 1.44800e+03 3.67630e+04]
 [1.80630e+05 3.33010e+04 2.10690e+04]
 [1.23900e+04 3.21830e+04 1.90427e+05]
 [2.75150e+04 7.35360e+04 1.33949e+05]
 [3.20220e+04 7.11960e+04 1.31782e+05]
 [2.24240e+04 2.00024e+05 1.25520e+04]
 [2.30358e+05 1.65000e+03 2.99200e+03]
 [8.51360e+04 2.03210e+04 1.29543e+05]
 [2.07995e+05 2.63280e+04 6.77000e+02]
 [1.14325e+05 9.35920e+04 2.70830e+04]]